-0.16908926275527172
-0.1690524049239141
-0.16901474404530115
-0.16902307738080888
-0.1690798593916718
-0.16908378513403569
-0.16904612370294633
-0.16901416322876062
-0.16902778605967664
-0.16908371256964036
-0.1690807806762793
-0.1690447415801722
-0.16901196403207228
-0.16903317301080092
-0.16908783999483176
-0.1690801979358367
-0.16904027123721543
-0.16900666759843555
-0.16903859940007948
-0.16909278202632985
-0.1690770974161561
-0.1690318157474127
-0.16900365578740892
-0.16904872400309687
-0.16909656666616316
-0.169071207393969
-0.16902491372611786
-0.16900540285626242
-0.16906150844188514
-0.1690973295232864
-0.16906445026911157
-0.16901977601921062
-0.16900878373305514
-0.16906942996092944
-0.16909369812505734
-0.16905776550851306
-0.16901607122932286
-0.1690120209286215
-0.1690769590988576
-0.16909176966914002
-0.16905402040532233
-0.16901235909923595
-0.16901736033371845
-0.16908474596856196
-0.16909035534673317
-0.16904838452876103
-0.16900663034073113
-0.16902335367425525
-0.16909124149511423
-0.16908618459856578
-0.1690401551754174
-0.16900291923553806
-0.1690328749440411
-0.16909558331071897
-0.16908055117117832
-0.16903390308616617
-0.16900274590720363
-0.1690445930021595
-0.169098547746505
-0.16907499697394712
-0.1690288338561643
-0.16900287426062752
-0.16905344993902208
-0.1690977869582743
-0.16906885423552728
-0.16902288517132485
-0.16900341116394532
-0.16906323202825402
-0.16909793327535405
-0.16906372791455465
-0.16901758963657065
-0.169007626552317
-0.16907413362659085
-0.16909667012760854
-0.1690571525383951
-0.1690117653364955
-0.16901316541891648
-0.1690822357813047
-0.16909188428384977
-0.16904915672893525
-0.16900844836252382
-0.16902057135973864
-0.16908716660203757
-0.16908658831412016
-0.16904412116930267
-0.16900740673822998
-0.1690293205067662
-0.16909180276281302
-0.16908292959402027
-0.16903991544256988
-0.16900522540601579
-0.16903656773665587
-0.16909410318889806
-0.16907846621168596
-0.16903274720869274
-0.16900284987919945
-0.16904628075114694
-0.16909717678666822
-0.16907293588688926
-0.16902628585290574
55.79493188858032